16 1.731602e+04
32 1.152738e+04
64 1.141227e+04
128 2.040816e+04
256 2.083333e+04
512 2.409639e+04
1024 2.240896e+04
2048 2.373887e+04
4096 2.500000e+04
8192 2.547771e+04
16384 2.133333e+04
32768 2.292264e+04
65536 2.139037e+04
131072 2.388060e+04
262144 2.168022e+04
524288 2.020202e+04
1048576 2.247191e+04
2097152 8.629989e+03
4194304 1.261830e+04
8388608 9.404389e+03
16777216 7.234363e+03
33554432 7.372706e+03
67108864 7.639967e+03
134217728 6.611001e+03
268435456 7.747012e+03
536870912 7.784783e+03
1073741824 7.784704e+03
2147483648 7.802757e+03
4294967296 7.782629e+03
8589934592 7.810407e+03
17179869184 7.709202e+03
