16 1.680672e+04
32 1.123596e+04
64 1.253918e+04
128 2.116402e+04
256 2.234637e+04
512 2.409639e+04
1024 2.173913e+04
2048 2.395210e+04
4096 2.484472e+04
8192 2.469136e+04
16384 2.547771e+04
32768 2.325581e+04
65536 2.352941e+04
131072 2.285714e+04
262144 2.339181e+04
524288 2.272727e+04
1048576 9.852217e+03
2097152 5.763689e+03
4194304 1.075269e+04
8388608 8.800880e+03
16777216 6.966618e+03
33554432 7.163110e+03
67108864 7.349001e+03
134217728 6.674430e+03
268435456 7.802737e+03
536870912 7.783087e+03
1073741824 7.792050e+03
2147483648 7.790696e+03
4294967296 7.790933e+03
8589934592 7.716157e+03
17179869184 7.718416e+03
