#stride=128
0.00049 1.182 2.661
0.00098 1.187 2.671
0.00195 1.188 2.672
0.00293 1.184 2.663
0.00391 1.183 2.661
0.00586 1.188 2.673
0.00781 1.187 2.670
0.00977 1.183 2.663
0.01172 1.183 2.661
0.01367 1.186 2.669
0.01562 1.188 2.673
0.01758 1.184 2.664
0.01953 1.183 2.661
0.02148 1.191 2.679
0.02344 1.189 2.676
0.02539 1.184 2.663
0.02734 1.183 2.661
0.02930 1.189 2.675
0.03125 1.188 2.673
0.03516 2.884 6.489
0.03906 2.883 6.487
0.04297 2.896 6.515
0.04688 2.895 6.513
0.05078 2.885 6.490
0.05469 2.882 6.485
0.05859 2.900 6.526
0.06250 2.899 6.524
0.07031 2.884 6.488
0.07812 2.883 6.487
0.08594 2.901 6.528
0.09375 2.897 6.518
0.10156 2.885 6.492
0.10938 2.883 6.487
0.11719 2.898 6.520
0.12500 2.895 6.513
0.14062 2.883 6.486
0.15625 2.883 6.487
0.17188 2.903 6.532
0.18750 2.888 6.497
0.20312 2.886 6.494
0.21875 2.884 6.489
0.23438 2.902 6.529
0.25000 2.917 6.563
0.28125 2.947 6.632
0.31250 2.967 6.677
0.34375 2.977 6.698
0.37500 3.236 7.282
0.40625 3.399 7.647
0.43750 3.688 8.298
0.46875 3.679 8.278
0.50000 3.907 8.790
0.56250 3.970 8.932
0.62500 4.229 9.516
0.68750 4.259 9.582
0.75000 4.338 9.761
0.81250 4.748 10.684
0.87500 4.912 11.053
0.93750 4.961 11.162
1.00000 4.985 11.216
1.12500 4.557 10.253
1.25000 5.027 11.311
1.37500 5.058 11.380
1.50000 4.976 11.195
1.62500 4.967 11.176
1.75000 5.039 11.338
1.87500 5.020 11.296
2.00000 4.558 10.257
2.25000 4.556 10.252
2.50000 5.007 11.265
2.75000 4.999 11.248
3.00000 4.925 11.082
3.25000 4.976 11.195
3.50000 4.994 11.237
3.75000 4.993 11.234
4.00000 4.912 11.053
4.50000 4.535 10.204
5.00000 4.983 11.212
5.50000 4.546 10.230
6.00000 4.958 11.155
6.50000 4.894 11.010
7.00000 4.974 11.191
7.50000 4.973 11.190
8.00000 4.529 10.190
9.00000 4.526 10.184
10.00000 4.859 10.932
11.00000 4.535 10.204
12.00000 4.833 10.874
13.00000 5.129 11.541
14.00000 5.833 13.125
15.00000 7.792 17.532
16.00000 11.708 26.342
18.00000 25.203 56.707
20.00000 31.717 71.364
22.00000 32.692 73.556
24.00000 31.778 71.502
26.00000 30.762 69.215
28.00000 30.003 67.508
30.00000 29.747 66.931
32.00000 29.380 66.105
36.00000 29.390 66.127
40.00000 29.335 66.004
44.00000 29.220 65.744
48.00000 29.243 65.796
52.00000 29.759 66.957
56.00000 29.776 66.997
60.00000 29.243 65.797
64.00000 29.744 66.923
72.00000 29.233 65.774
80.00000 28.995 65.238
88.00000 29.717 66.863
96.00000 29.232 65.771
104.00000 29.760 66.961
112.00000 29.231 65.771
120.00000 29.210 65.722
128.00000 29.619 66.642

